29673
17779
15819
32451
90351
71882
84806
96336
40024
19872
87086
68115
22857
97617
99456
25763
6234
26332
42002
81465
75707
55266
92818
75081
72313
78729
66726
61408
55859
47857
50311
53509
69280
60195
92081
61315
96898
6897
32031
77489
3355
66347
23966
14326
82951
13904
90630
42164
99280
94157
1143
80689
24749
21106
92883
74407
24960
40738
60138
11622
5156
23399
40477
92167
69560
33578
98835
62662
5537
38142
28864
99337
94301
64513
78110
9360
31300
78493
92129
58410
88099
24563
62127
61701
46714
69622
28760
48174
67311
17675
36355
56161
46759
20410
72334
79956
25871
31799
44765
49374
15069
27969
36627
61139
65294
1806
86387
60236
42995
83523
43107
46467
48609
1729
23522
80592
61271
78775
45453
99938
4819
50661
95350
87861
1787
72703
52579
73891
92178
98154
83489
99501
33729
42756
43341
60131
87935
989
96407
44909
83234
68523
5180
83787
74568
89888
7552
45031
96887
91741
18685
47095
86345
44826
44556
64407
32618
48766
59352
92591
49226
12497
68058
44841
35
43605
12738
5853
58387
63391
92657
60283
82368
544
16705
36295
45482
11563
13294
11899
65151
7549
77004
437
79470
36394
13156
88903
98200
78934
27513
39170
41637
3817
95682
70738
466
60338
83753
30963
77150
1700
86644
33497
99084
58402
64726
85801
28122
8261
18925
21056
35472
47453
27440
41678
35492
67621
65371
63640
30450
23835
7653
79452
35879
53487
18647
78552
4862
45967
35829
85144
27810
82331
34749
63452
20905
43507
1353
21068
71667
27354
60781
89939
60010
6457
3699
94183
76376
54004
35246
32845
94967
20113
513
53316
94046
7192
97617
45598
39756
86174
80940
82155
72432
33781
93246
53140
12705
63988
20774
91984
66268
44303
91972
3096
63053
17714
19443
29422
49789
24463
2177
50857
10721
2985
90176
7697
81818
81432
69405
13713
45890
55755
81312
85493
46414
78626
17508
26229
13211
50558
81478
12388
33230
43261
66576
50665
28140
97417
90262
76333
87749
68196
95808
15293
83997
30083
71434
69447
43605
85549
71321
31273
94582
7062
46095
10514
62990
6480
56681
84427
206
93213
16212
99230
42984
89788
17627
67460
36408
39511
79557
84401
91169
93072
25964
77694
59946
66020
1496
16332
7192
48060
82624
27662
79236
50206
17805
26169
97165
56062
87675
21661
40737
5836
76127
94536
51984
96577
72309
94208
12456
3975
33040
4094
5992
86920
40103
1511
81097
68401
50568
96970
4984
40350
77235
52146
10589
88549
19995
92777
71984
91458
70294
80345
51836
57897
43665
85333
16946
31428
25710
63368
93711
7287
3876
3218
15021
78531
21670
92316
10104
16295
45071
28765
5495
90704
16677
387
28601
23981
83947
63435
76583
79531
22225
20998
33681
52694
52257
48095
43256
54769
84564
49670
42692
87199
3260
97696
36474
74017
37125
32057
66880
27678
82674
55689
46387
41529
74851
61131
41220
43278
56733
92964
47480
62275
86785
14180
85062
82878
69537
62327
26274
73574
49061
55335
31730
95401
86073
18295
87445
18980
63912
54584
86855
51890
96554
48906
96856
66536
74611
92151
77842
91125
6875
99977
98036
91600
2191
80417
415
89079
12635
53596
4481
74798
5783
93306
78617
27340
23960
50986
55456
56556
73685
22240
79365
2150
6109
95589
65720
37879
17324
18527
8268
77386
84484
35148
66699
49083
57298
40130
93211
5657
17881
98366
6346
10317
50103
12057
46108
3249
70288
69517
42576
23625
36695
21287
17441
84634
20613
95887
85491
6601
14697
62535
71756
94108
45329
27094
90314
70634
26607
29535
70041
83830
57775
49800
38676
75319
15895
69049
52046
94051
49482
62472
67591
47806
75950
84642
40691
63197
17708
82064
28471
61411
54638
86610
90959
55345
26611
12238
64987
23010
21743
75473
76641
40754
99476
58746
65850
86894
82611
42121
68740
51563
43841
91440
57118
52224
94944
23950
18158
60687
86403
27117
52926
44542
1065
8630
29192
71164
58840
83330
48709
3658
4062
29037
72309
74009
85831
26838
48329
17204
18792
53796
80586
75587
13325
76907
17570
63198
29493
38736
60401
2661
94079
4301
36606
94625
22547
32100
39690
90846
29554
94686
28055
99280
93412
65083
47502
14805
19131
83109
66393
68106
75620
955
41895
32607
46530
77339
31218
24158
91059
65994
41672
20105
22929
46049
9578
99761
92430
77683
51462
53731
87147
57483
87649
24106
25742
81305
82175
48242
29405
2765
44067
46383
72343
92294
27040
93124
62405
4000
48095
45208
883
15533
99787
63560
53014
7951
76352
47364
55505
47741
22375
41448
31647
12662
80959
18138
13306
17790
6865
65224
95163
82976
94752
88294
21928
95288
47761
30634
19009
16454
37356
88430
29588
6255
52849
71615
57695
24090
71092
17792
4954
34812
92736
81664
80390
2619
14737
59681
11336
8902
79819
44616
97134
82871
50044
17907
20780
11493
41632
57725
60189
45719
28355
39052
10385
33944
11860
25393
59812
9344
60443
89215
46698
89073
60271
60352
90239
13088
7905
19309
80552
88080
19298
10108
36634
92740
91296
46717
56210
34943
50836
46203
82458
13367
57602
59234
6457
53685
71279
46446
90758
89343
99868
1993
48459
90604
97918
8061
22600
89692
27667
7692
3588
22323
77172
72108
26421
18248
2419
17645
42648
65143
69182
24870
58508
14240
6758
33331
31472
1037
53895
36555
41809
61458
28551
91208
88211
17305
61648
46030
94821
83235
24118
66518
7277
43144
42615
60135
36194
85493
32814
88209
51266
53635
3798
25616
20162
74999
43485
34219
83846
64587
76589
21563
35797
91112
65883
42130
93772
85964
83896
9116
56599
56389
22823
59413
41026
2664
17594
15364
71625
46623
97136
45978
68223
65685
85288
88173
57661
2935
71047
13213
73820
27430
62183
30234
6646
2555
30722
16164
77260
486
66363
50230
1597
23698
31611
94877
30812
44385
84590
17499
57405
28121
62594
37224
67450
30612
53340
70112
5824
77709
84468
90837
14917
70684
35296
29170
94205
92588
52767
38472
71942
1430
38103
71139
80259
46907
44381
44525
34075
90410
57361
13276
18345
53549
55807
45699
64835
24960
62783
76034
49214
60610
10341
99550
16017
75525
35313
30913
88402
2442
673
38224
91618
46119
45556
55976
90018
91454
56964
20544
86231
8815
36037
15413
20349
71193
72493
61368
14877
89596
64334
69246
29805
76732
89257
11333
91088
38552
55123
4735
11594
13468
56123
31634
89738
19138
21657
72225
7993
99831
55681
73381
67995
42240
89803
40400
24573
94927
79202
44823
3032
73944
16037
98805
38107
31427
8419
14886
56862
34224
64887
51466
36331
52230
8950
72763
52692
4404
25674
1211
49536
268
53376
15046
33916
90953
1251
87565
86929
48858
86759
96161
59349
10300
1704
37649
97431
57317
93526
58312
10720
6772
15364
73768
34944
4215
37050
15766
33291
17041
87707
20169
69254
77992
95286
2764
20569
991
64890
47154
30176
20853
27957
8004
47464
68726
92116
26032
50526
71300
75331
95374
10878
67362
90490
42765
84904
79607
80101
29701
53904
85485
54275
69889
61150
66591
26907
81357
15013
98939
17081
96440
92426
46373
28137
89866
78814
7360
26304
66218
12099
11019
65239
61990
41709
92332
9292
1892
87502
52522
17860
40961
20890
35190
93250
44690
66578
58067
46854
80873
41819
10760
11019
51587
54220
78891
2949
64505
39225
624
63950
77544
53304
13884
17603
42886
20246
92284
28181
68817
57299
25015
93854
62491
81080
76119
75551
57237
53123
83446
23289
20748
60506
45430
24399
1339
99999
13653
7771
62818
89384
44787
62667
86878
88571
40315
87657
7006
17588
50365
24445
74294
29887
78036
23574
16804
16905
48527
70506
78100
3340
45711
11382
55779
77335
43203
17038
7874
89485
16264
42886
6594
84514
65362
79433
12513
62348
6977
73920
40765
88462
68546
39650
2759
59002
48995
90860
82470
21856
7595
84433
51472
43146
29670
59479
43673
33405
6889
9543
45368
23277
79783
17520
1324
7479
17851
89779
64525
98602
11062
54455
9929
74607
29742
89638
34793
6062
8624
96776
28341
52343
34568
86017
81890
31830
91413
63447
54844
5884
35760
79108
55460
97433
28552
17488
8679
51026
38326
95279
41151
59215
26336
83867
10795
53139
74504
76864
13405
40032
24686
37612
24781
10112
81202
93025
88709
93766
35630
69493
16065
54404
34935
58641
62843
31953
98995
12496
46056
12254
80959
83767
67735
13345
55626
69126
26008
50701
75222
28752
57325
14550
50043
14813
81198
98147
54327
45349
16232
35527
28779
14913
15397
68832
79214
86747
24280
67694
21024
78842
54144
62009
30809
1151
59073
40918
69877
11437
54486
12076
67017
38008
18544
6878
12169
1516
4362
20123
77442
64695
77625
53646
96263
10530
83475
66047
68370
98903
34130
68879
44846
58313
29677
96380
74607
95316
83741
48892
55740
40280
28271
42891
90863
4156
68509
90770
96368
8519
56664
77699
82385
4158
90251
56329
1217
498
65745
20279
17676
93025
72547
70973
77306
85606
67230
8704
8331
22163
32271
16852
17775
55470
64383
37163
36424
34735
62783
92108
42020
92704
69678
59852
42239
56431
86493
40689
68061
73348
95164
74110
29571
63462
31216
62714
67732
57297
65584
5257
36926
59806
82439
74205
76248
39812
59924
26916
39774
53089
19905
66482
37714
73637
78259
24972
23348
12696
28734
20876
99113
26541
40642
34983
26999
58160
87281
54313
24254
1670
69430
79126
69150
57526
55183
82213
10265
95472
83604
2428
96506
59577
916
14973
53443
28683
36396
55934
85202
6245
39367
55037
28564
44708
6144
10385
19164
47457
47207
18088
52531
5612
2663
38105
83659
40778
97331
80187
18454
96045
14707
27875
29092
26307
24370
39536
25626
25670
81539
98316
21765
31347
69111
18010
62303
14393
50563
24442
51383
44799
63050
62808
48266
65516
49896
90895
56915
62810
31313
12666
31351
56208
37480
89156
91537
11492
25946
2257
20339
66607
84758
93493
65917
48890
96323
21184
36501
84653
75801
69267
90214
72890
28805
73655
32996
51899
79608
63575
76410
33475
82621
62815
94357
68874
66966
65556
93867
79954
26472
50811
88447
48307
4103
84776
60040
69556
96891
99376
69192
28713
54395
72262
87009
62045
22451
58461
27404
63825
56161
39638
31883
62370
25846
86864
83986
21943
99136
97042
81924
30767
27317
56546
58181
24991
80820
41908
68787
44028
13615
63440
55008
80232
94382
47698
79080
10359
75806
32312
46424
8506
38153
30042
23794
86834
18928
26077
22462
17239
790
38098
70419
99848
17452
38426
1396
97848
14081
62019
81225
80543
89673
83375
50210
92720
84629
51651
67987
78147
7785
73627
46136
66825
50619
73419
92614
97274
32752
71347
6063
54743
19446
51548
43239
75517
93020
55160
62780
55957
46302
81231
96277
13788
51086
65880
18832
54778
79832
31073
2205
67277
58090
44314
9455
27162
91961
3595
49230
44033
45811
4122
65097
42734
55957
26483
61097
38125
40136
74693
99700
29470
88870
12030
31845
26553
77350
32349
15739
84738
54587
37837
17443
1679
69143
38785
96653
75131
42094
16077
83555
89425
5930
18747
10146
42181
16135
53544
57831
24604
4783
80706
14642
5139
31373
72734
78407
46060
12470
82901
49812
59612
87855
64491
89446
7975
86678
63418
73591
17172
29830
85966
96031
24060
91137
10275
23540
70123
1885
89664
10419
23806
74518
91135
79955
73880
23195
12305
70306
96409
60378
50593
62662
59192
66265
23943
1570
41439
29301
2171
55502
52717
79953
40659
94773
18817
84675
90582
14001
21098
49194
8284
44176
22805
72483
26006
85094
96720
84535
15566
84780
74374
93111
77182
56794
79236
23304
36839
57795
67195
8705
82101
40823
99713
34162
57701
43853
33859
96361
61139
89205
32613
98303
49209
47215
52094
6418
39857
86709
40259
38849
4850
56903
13735
17391
81127
59605
2772
83864
15538
95513
47836
32788
46806
12393
67092
67461
44463
88643
14782
82153
51235
359
23397
26360
52167
76071
43903
29967
4700
72818
83446
50130
17536
28346
3856
25199
27088
82322
53034
98096
41082
49994
80824
65625
41369
99825
51498
36816
80123
84633
61955
51214
71927
58106
87613
4492
33506
87375
65224
5057
15703
72804
79164
42719
12067
97706
15252
18460
8538
41893
40373
62140
35609
16686
41071
1241
19535
57772
84990
52342
24573
7087
49844
20067
10864
32232
78202
59430
40732
99363
91693
39713
17099
47977
82393
68277
70830
38105
53558
43663
84574
33038
28279
38230
44261
99814
15605
55242
17035
86373
84956
75734
2385
12883
80483
8617
22961
59098
31855
79835
19505
55821
77727
9174
50200
661
45042
87631
34293
72793
30411
81429
4214
41328
67767
91535
78808
11614
75806
11050
16627
22961
42396
54359
14408
15960
37328
4217
67493
73777
45317
11732
6250
73723
24158
28753
55310
19105
88029
43600
54773
27974
20949
44241
55962
3527
71520
61056
45115
88948
29809
11347
83292
20806
63208
96543
13426
23369
94766
34241
63332
40826
20138
60515
27477
18680
75180
30490
17170
39015
36226
59703
23584
32206
56277
88653
2012
98154
98397
10881
44439
76271
59102
78545
43969
33970
28440
85444
10516
27614
15327
31942
24339
53789
80268
13948
7836
60433
16764
37283
28347
41031
43887
6100
52723
70105
87763
51087
64529
74554
94532
15271
24971
83886
89802
87061
81723
41593
16547
93506
90240
89735
19975
89555
23688
4284
35365
69795
51938
42329
80818
41578
81390
61114
82533
3408
32385
53002
25823
73863
46207
77352
20915
35962
33082
57
6971
40452
63987
93207
32224
66242
43887
23258
47043
38611
21057
54331
82412
48439
34741
17968
99148
22200
93735
52954
33880
63856
1353
86394
54676
28722
15770
42684
47300
12888
68821
84012
56474
23631
97313
94912
5809
58731
10106
14577
97691
58133
14072
43922
82351
78054
70590
77384
39123
28239
78204
98715
42227
80128
66177
43114
39100
77592
38531
3502
50472
1203
75958
34155
69790
37044
97857
58781
51125
39828
12160
40418
12094
79159
55262
75746
49785
57430
4043
76622
58132
38386
3561
19061
34684
70105
41786
76345
57454
54199
55813
28216
20200
6605
64104
96488
82175
79916
74132
45308
80196
11810
26259
99294
16080
37786
86621
63067
24866
90430
93329
81669
73550
61909
45370
12087
97642
56897
99471
99684
95257
21512
1327
96926
84014
83943
20219
5490
15055
58773
93571
69868
83298
58735
96425
46323
12128
4266
2981
96897
83483
78718
51480
67024
60870
74144
54666
58291
61234
52017
98846
25278
80445
74447
50050
58685
10483
29333
15281
32136
17567
81132
48012
66092
96859
23462
98370
14815
65483
99047
99959
93376
53917
2574
16201
16540
70031
34303
36056
9871
29278
61928
44255
63038
59927
68293
89422
8851
8686
37741
35840
82794
88985
70844
79331
2352
30706
85388
70164
37408
75773
39851
92807
62187
52058
5471
71361
77871
58247
33511
88653
76180
93276
5410
2859
55639
36877
84974
6166
28567
34039
89520
6130
27743
63208
17165
4391
83072
23243
13850
85833
84643
64138
98648
34097
89426
69120
82068
10980
54456
96931
11552
50604
75175
49087
59659
89518
83576
67986
23692
65474
45732
79222
41598
3370
86253
33722
65065
98979
34894
1080
88289
54628
44397
47677
4010
12043
94628
71312
13432
86519
54809
73995
51709
31635
22487
38916
30955
78655
3549
27646
20815
15086
99551
48375
40102
5422
22541
95278
47844
55705
4055
83089
76086
53376
8643
56923
6207
27498
45078
47617
94890
12264
54554
37172
10666
71736
27514
9963
80882
47337
2767
86410
95430
7248
80265
73203
55077
96022
7576
98588
89502
99349
23468
57727
82464
71720
97909
98332
22992
65564
32709
3458
33578
55932
32755
8552
60532
62379
37709
68365
77907
12578
14397
508
52938
17645
87658
68838
73111
35440
1847
10185
19922
46489
58115
95541
88795
96827
54708
38945
73827
29181
86971
15319
14628
99309
52833
39499
74493
71714
12672
92697
58313
39210
20681
76924
84952
22961
4789
64820
84061
29071
25221
87552
63717
22525
83535
87088
97816
37214
19756
63704
7672
98763
94538
48727
25606
99078
85879
53629
64812
48160
94345
1398
22769
9150
51871
80711
25809
81190
10590
65834
92038
89888
54883
44756
3960
99419
51601
92102
15774
65744
41682
37279
51958
48967
85026
59549
44672
71954
51319
85874
37081
51160
8
35902
34726
23824
64783
54568
70654
2824
61280
16627
26624
53922
71666
17784
43881
49782
44767
26187
47477
93777
37855
99067
6478
57066
49440
73802
24124
92321
36039
53854
29872
24715
28753
40878
89880
18981
10031
80136
34636
97033
21449
12951
4465
25056
10655
98035
77300
67242
15669
94890
27188
25132
38397
43304
13306
940
29425
77660
74383
90981
30445
78332
66784
7426
86754
1910
25169
30788
27903
24900
39752
64630
91550
50443
72328
24904
94603
81421
46411
51404
96501
56881
76653
41149
26667
4740
86318
85448
27573
88941
89556
32371
5753
43655
66589
43116
46166
97039
38301
8746
72867
46513
39339
90769
55138
62557
33581
87953
70975
88401
6337
48003
31249
22980
94480
73563
1680
25636
80759
82014
15591
39720
3216
38962
35343
7382
58878
47896
83854
29213
78738
97564
43121
37665
78537
49988
17543
85883
86010
64109
71159
98364
14474
39171
82604
41553
1122
82773
49175
93025
41437
20530
16280
56286
93155
33147
43297
377
55426
47757
3680
85684
4100
41763
9664
8772
4883
93583
44442
44492
56021
15796
39625
16650
10856
17227
25247
64045
56358
93790
6260
76105
98721
90828
87775
58208
81284
86834
44510
45391
6691
17166
30457
38254
60430
85474
94265
72710
29508
73833
36670
7538
38331
4683
37005
25641
80905
99630
45431
75928
7900
79252
44019
61636
41497
27574
86962
13271
53988
51455
27488
18049
49074
99051
37801
38855
85338
1372
56220
25381
22962
52537
34537
82524
57120
98722
37775
94039
53824
62134
77303
81654
41403
68581
37491
27438
73147
68821
96756
32856
98511
80995
18722
78052
46345
18622
58464
39279
66882
98149
40302
79533
43411
20050
52967
55363
44715
61494
4517
42775
89799
92923
59446
91853
74151
45833
76645
80492
61561
10363
65708
16518
4616
23364
26869
41967
33815
56484
36180
38499
40259
98496
27158
55675
21832
97769
38244
21353
15615
82128
82723
11653
64305
53981
43056
5588
21549
26869
3902
512
41976
77971
77717
56519
32441
23785
74918
20047
93180
11001
21548
88230
25315
66017
2517
91303
65766
3771
70021
76381
7590
55292
64878
79433
27640
54056
52213
50634
80307
21281
20418
6947
52583
35668
96522
62287
20779
70638
23235
98047
22852
18197
28173
4615
60580
94492
86338
98287
51465
51753
39822
17778
56847
27520
92922
86683
13094
98284
28879
78385
71571
24284
39740
71899
90582
14601
35648
89647
69495
40229
70525
95128
80536
71974
53530
89392
27120
60264
18853
33148
67718
53926
99169
28555
81459
2640
50100
25064
42745
9839
49194
22495
41759
44849
26477
98567
78457
56273
14032
45980
58844
96691
28793
11236
81227
44694
37241
84873
73989
3530
59564
52829
79431
95731
10668
17645
25115
11185
90440
87942
64501
10585
46902
59656
91034
48030
53369
35687
45497
54963
10936
70847
46232
72873
74303
71027
25134
87933
47327
36766
65399
65227
51074
39216
50275
96364
43063
46028
34182
8832
73452
67273
65833
26089
81478
48260
49789
69136
20201
33198
91324
1554
39376
19027
92594
88716
6598
6559
21428
39640
92511
37181
63857
53674
22544
99274
59510
7686
9381
94670
4967
7341
1506
36666
81510
43662
5015
20143
91394
26044
21238
55997
67733
14130
45441
63845
25851
32048
46621
61559
89767
36505
24601
94541
16321
36272
3416
12159
3546
82204
88750
42104
59756
25531
28231
83984
49
2711
37517
48932
83702
86454
15165
95384
18403
36514
69448
49728
8233
58699
73423
27463
61064
47822
4903
68462
82739
6964
20345
45239
40247
92855
16598
9190
37294
79134
96241
42202
85898
61457
63796
23141
94530
97689
77857
3314
21341
29217
76139
79806
66823
53687
3927
44846
8782
61287
81039
11935
20629
59768
1245
93085
82365
92278
8685
90846
69856
5975
58090
39269
40273
27247
63829
46775
94903
50282
32932
63375
69965
1590
47122
53523
30825
40538
78415
86560
88929
71751
409
76006
98095
84306
21574
26131
60212
70710
40776
2253
89004
87010
33457
15366
71126
36870
39534
39577
89857
57151
49943
58499
28355
17664
41970
19039
12647
47722
62261
41827
13863
22125
1918
98104
5566
82084
41174
55966
5673
37699
86563
24193
9507
30679
74370
82954
68132
31756
82396
93954
1005
38839
96702
31778
21809
41910
47651
80431
42337
2535
13485
12490
8450
98948
88390
66880
85093
35352
9800
89042
95695
83567
33904
52158
70588
25751
48992
97676
43294
59015
50906
80890
65326
68306
40822
75024
25422
70139
76296
63656
34433
60743
13630
3138
24215
74073
15743
10559
42289
7490
97860
32781
21957
93354
98259
17437
4935
44544
61190
96057
92917
49975
37138
83321
51629
32594
47164
40143
58126
13367
41458
14954
59056
46144
54609
34953
69938
30767
27943
96515
10008
38434
55387
35804
61155
18126
58934
71972
70047
23386
70089
80877
8950
80238
70739
84458
23606
30308
51509
91620
26909
75600
52432
28923
66031
82907
73724
75812
38745
63306
47499
74168
16602
64674
86050
54483
94587
1334
22167
33503
73660
75192
70096
34741
43277
60581
6004
78817
75404
70151
11348
39631
79257
36322
69606
34408
86002
26465
69772
78247
44401
83121
33227
6741
75886
95921
64276
44276
94188
16257
89870
22272
8141
18006
17961
51716
5504
17691
85646
5451
76903
94906
409
68594
51959
7869
94910
80279
95067
51642
68481
68123
31562
43919
89102
90539
41966
63356
58854
47355
96304
61728
84629
59148
80280
89075
31490
61251
18362
17891
28904
68311
40818
64321
1345
49494
82712
64633
54781
68018
1011
83997
49208
42546
47776
21747
90709
64222
28904
27421
9751
42148
58837
38292
9146
15175
10277
41261
88313
62884
76378
33660
61917
77177
22738
170
27306
67240
42575
39608
7827
77333
8575
90835
46344
12308
12521
42084
11373
58534
98365
67268
32348
90940
8140
86756
9475
2527
55175
86170
39217
41452
76319
91897
91639
67351
22081
72030
19808
47606
94441
23470
21647
89295
19595
32418
33573
68001
91947
96838
2654
68193
29889
29780
64518
9111
1312
70976
69038
35982
90695
24779
12065
56405
391
66375
1014
16678
99195
78992
90227
40491
22277
63766
64093
74896
45621
43052
71346
75722
53183
41473
10580
58337
83516
71024
11564
46540
27380
82529
66040
51104
2992
83825
56910
69662
11405
65242
88904
53219
31405
16896
68805
12955
6612
62162
45916
66122
65686
89621
63490
58259
99629
93316
82798
49222
14200
53728
72888
29367
54812
54473
89297
16667
12953
39123
37500
38451
6856
94430
63492
80378
54147
18128
44318
36287
72668
97624
51725
21354
25108
45441
80853
37758
19039
7781
51474
9676
1028
7689
55463
57677
92353
59538
98406
76931
27599
52138
3
67488
24663
7466
59266
71256
26130
83112
4112
81502
48999
46512
76554
16575
2003
51535
4259
9372
73620
51540
97628
5173
87649
27824
37424
99167
38967
5816
88024
94609
19721
67386
8689
20530
97622
84237
96690
17643
86174
9598
11629
35927
3669
69971
60677
54516
31134
38888
55674
40819
55279
89035
3312
76058
54510
94830
79839
96839
70041
60099
32289
20315
95087
9503
61782
81612
37823
56024
18953
17766
54844
86615
23197
64023
39912
61702
1504
17678
67146
82908
68034
80
50141
47205
39330
30685
64075
32630
66020
2793
4398
99851
47602
26076
77308
91313
40839
94166
8190
79064
16693
75109
19936
37908
85975
68663
65839
39289
36147
92807
93326
62162
29693
87133
92064
32210
70174
47883
70172
31097
17538
5193
90004
16160
13369
54993
39014
97120
86714
48598
20864
7338
9488
88081
66215
92924
80144
12233
61230
70667
64846
24786
96482
73212
9466
42236
70158
60469
34011
45099
21140
92955
23995
77092
61527
11500
85105
3776
24540
30982
29650
68718
52574
87549
71944
85989
52674
41611
20918
99140
52066
57941
86652
99505
66251
92751
8710
16793
6695
71132
84834
78545
63110
41616
27458
27908
83342
32396
26555
54715
7820
76368
87692
30248
41018
96127
72212
8934
1268
23477
89561
28548
39551
34871
93032
63198
6304
24489
10841
68776
2791
68312
97081
53408
46148
51104
5609
10959
60091
44037
2647
20278
15057
66202
91320
75697
70248
56404
58488
70123
20540
99776
15525
83218
81570
56286
38994
28239
48583
64260
21604
58854
21555
57778
51925
39507
79287
34285
84100
89913
90519
61254
48842
57231
20830
69284
13492
73349
43551
17336
92950
49899
66001
40718
48237
3014
52788
13863
71837
89861
12110
77369
62375
95831
22433
43793
98723
57278
14277
51813
96409
35964
72304
68574
79603
59286
50934
58294
62388
12287
42795
65644
84688
31248
71309
71704
92852
80837
9542
48912
86719
65424
62448
94238
77803
13151
98878
53011
34798
77037
70560
56213
59073
91737
20926
56986
77595
97426
61114
88951
52079
94493
51475
59550
47066
46465
92681
31128
24522
50729
50940
17887
47736
65365
65094
30985
73515
78065
90771
66453
60407
97923
23497
85351
41727
86582
6572
92950
10322
14323
94108
95425
19723
20591
96832
92225
13950
2899
47172
31338
20469
67751
28489
84068
26097
52674
8477
93707
26644
89941
83471
99530
6656
94660
28544
54155
70997
66123
17824
60484
39893
99731
20807
10199
56620
55515
98163
27146
68532
72868
17036
70617
30893
59433
45984
92655
69434
39428
59255
89053
78105
12864
66306
20381
30852
94578
88770
25063
92046
42678
21228
47826
85075
86688
91444
20738
46945
18291
27449
70582
54510
81331
25176
53775
72905
12854
68637
47223
48676
35888
84721
31569
6869
28770
82379
27029
33425
427
79346
62041
66744
73101
35100
25855
51641
69209
85542
44205
67988
25247
45711
51144
11980
88672
34543
96773
87688
12531
47475
17999
25942
41547
76386
56158
57956
89658
40957
56305
4309
64415
87312
46519
38944
65407
3838
81408
46232
99321
2135
3696
27312
24432
79234
23430
90177
33577
19590
18196
94226
85605
39341
20894
52951
61348
36099
25198
96714
78941
67898
61982
28253
29238
39897
3573
37934
99192
12201
46572
84835
53135
50542
88366
10396
43779
90686
1511
62312
52957
65981
24380
70069
22761
62078
18703
25074
66419
93567
77595
29309
78640
84694
67290
31424
40153
75443
98074
84535
75661
85495
90985
21377
73018
33361
41092
35064
50975
10498
9173
70661
34589
62885
43758
12961
43518
91913
5492
67159
21194
78498
71515
5625
34605
17264
6196
68440
83251
56942
70243
68335
92612
16975
86651
67461
74995
3004
97051
89400
20986
83638
74099
55921
84395
6934
94719
15755
40936
54330
87905
48240
69952
30915
63341
97162
13981
85360
86771
55754
27165
72651
51813
94032
40255
40837
78049
17614
76234
76296
37965
40515
94861
16091
46173
37555
4400
15595
21230
27672
22544
90440
27504
28922
69036
22004
98383
61697
53633
89488
53481
89635
16233
41297
62235
48334
31826
80066
15666
43558
28885
77105
39521
64640
16365
47391
53378
53861
84741
25787
92763
98386
64130
59099
33211
36725
45148
22892
24996
18252
42454
16352
63981
86746
22815
48330
24283
53565
53855
97839
5730
24333
99928
77671
98787
45438
50919
62864
12557
21646
68625
44522
76955
27847
96724
55095
25505
57133
8087
25511
3187
8935
55070
97414
1105
12533
13125
52775
41825
68035
23109
99813
7
86902
20058
68430
98457
86458
60312
87772
85805
82283
10335
3351
49626
97931
39396
36134
90021
67720
22825
67149
45479
28345
94652
96794
69262
2515
76567
86254
32313
98144
21039
44522
98537
68812
44516
90053
7790
28295
56638
39046
96820
20314
39706
20904
98599
51720
47788
3173
73137
76991
62754
74105
45210
55959
54334
71661
92250
23263
99167
95943
9892
74058
55459
87661
61245
65813
4813
80814
53416
49343
28345
61727
11083
83778
70329
25165
88639
73749
98195
17543
54726
73394
13118
55322
35390
46934
99311
42579
14478
72854
97802
84527
29127
60694
29155
22763
64854
52044
59658
32786
46907
66974
49757
23794
48647
1028
63023
61432
85629
29169
83022
18502
25067
81625
41217
36497
60940
138
52271
14312
66502
62234
66336
80561
51541
43818
32600
50388
54623
47567
60311
36595
14091
65410
70635
87752
23638
89323
6676
34363
83910
37879
56949
85309
89831
79300
59460
47502
19478
92658
61822
64717
99773
45347
66283
84672
638
69195
72253
4829
68427
12635
6809
38063
68858
46428
4412
59657
10990
53465
12859
71616
93461
17908
30401
28623
5286
81027
90729
72240
84357
85098
30911
61965
85744
95593
36822
68743
99126
85962
87114
54442
17071
1847
65936
71276
31071
18886
16451
43404
74889
99803
36512
66013
79799
90205
71255
81865
14947
37661
79387
19611
78466
14
20472
83328
81724
44844
52319
73264
9607
35668
60530
25028
66350
58416
54546
91615
51972
59125
97552
86399
64576
47326
97350
84554
48587
64898
82165
95538
24338
54956
53797
61466
6576
67504
75976
17057
81375
82608
89551
86227
66567
43187
33798
39222
39273
11485
99662
21383
35660
79640
29894
55822
40108
92987
55034
31141
2664
35918
34741
16827
62678
56780
48926
54650
81871
99064
18452
98845
82440
37489
10240
69364
69573
11326
19833
21390
13528
58129
45281
37103
65235
60782
59878
44698
25063
97975
21358
13588
12471
44836
14394
45457
47867
72725
23549
9787
94260
79147
57350
40208
93032
818
38943
98171
69400
60529
86248
28783
73154
33645
17613
44534
90636
97638
51591
1896
96901
4229
29588
83896
77706
4864
86375
37604
23095
64783
21497
96848
87776
10047
27130
34381
779
5074
44070
64418
21840
61707
75297
64533
11727
92575
40434
78825
27224
69860
54821
50228
21134
21653
12885
90032
49560
73454
62501
88168
14442
1340
75076
4618
39033
89399
41006
63108
6515
83232
43755
85563
53568
87173
80056
35195
28931
65054
72169
85131
64430
7550
10381
53235
9962
71268
75714
66124
97162
37098
84820
27325
42572
55902
49977
20500
86631
70680
25501
22327
51570
77325
72310
43991
26105
69258
96660
33961
41596
77690
61101
84505
1286
77370
23738
6892
90958
21842
94655
67764
13686
74882
65946
69417
98411
16431
42992
97665
37196
59556
48563
58251
39554
49842
33561
87104
35239
66389
27131
40704
74608
41753
24528
19472
75996
315
26040
65201
32165
43085
29542
64789
76024
57737
8642
76688
11380
2894
45580
9674
26267
98994
96764
82040
29127
2850
44952
51443
43810
36633
71652
24570
94711
53952
93155
71932
50354
46474
93421
98096
90391
77790
65501
94111
30015
83773
82227
81816
41200
56873
75725
32346
20809
17457
14438
75613
44989
42488
90345
73147
55363
74596
21392
95531
71432
4972
70078
22072
64581
36710
26334
64906
9473
47483
19283
48476
33493
2654
52025
45353
20623
63136
10243
86936
60908
39307
3761
77254
39514
17543
26944
7867
56129
20274
42734
15795
56399
69970
22679
25043
13695
60155
17236
4491
30539
10819
22874
73326
98174
65962
42120
42335
90462
44992
52524
92227
64353
34455
34623
32126
1212
92824
82557
47039
9766
18468
8778
89198
4750
3488
92077
63523
79975
26982
31658
60467
45900
5752
56398
50089
16433
30435
79080
73552
75422
84608
17404
11137
67750
50507
51441
21944
35347
90552
23832
20871
77597
70196
94725
12072
2042
33676
68576
94686
73884
78597
62360
63481
13335
92057
46327
58602
78057
84533
15693
70776
13744
9006
71617
25158
1064
97640
21449
54242
52046
70134
28176
89422
3150
10787
82869
75704
11027
44326
48048
82757
61858
84393
99668
96824
22248
53923
97802
75692
4181
92839
43886
50813
74860
53056
7127
68592
98579
69568
11009
4401
12228
14335
42640
3751
50421
72938
60331
2548
9188
70623
47575
33731
36486
32936
8918
29351
9337
74792
2910
47140
99838
45756
50062
59207
26248
77362
14563
50094
3661
14277
77124
41459
33318
43647
70530
47524
41753
95917
46403
49310
93591
95254
66505
33558
45264
10156
14328
41924
44138
77776
59255
23788
66659
63868
4562
66472
64272
83433
77503
73059
58376
10238
98887
94911
93498
6117
413
92839
62406
61394
87597
13420
28389
53599
53548
4585
79251
16505
13943
16093
63035
72638
5956
25884
55021
53337
74800
69450
39085
4059
83252
58320
18415
73344
90934
83354
96367
71594
40059
39148
9743
21489
79518
82744
90179
45836
95398
13060
10320
99977
87220
47767
69491
61411
10024
85737
4282
73003
39890
40162
31317
30963
53754
58348
78141
29277
95004
55044
62665
70194
8217
7658
76446
74795
6350
41547
93119
23212
35705
9186
57938
61740
59131
39107
16838
35485
88829
57004
63321
5197
79072
23365
31704
99896
7832
78779
67734
21171
4603
60902
50831
40354
50395
40126
91761
79563
71321
94695
55061
68476
92617
81070
37298
30704
82223
69576
71832
14647
41510
42657
40448
38001
91723
57469
91121
84852
75953
76549
66963
27570
73813
71949
18609
74803
58354
17584
11346
19006
47346
37274
64163
94133
1943
94844
12579
98002
86066
1000
17673
38255
6948
53087
79660
61945
20454
12830
48631
92926
49004
6910
3611
94772
27733
27491
94663
20669
62461
62495
72350
64640
58231
52826
67301
4237
78494
46314
36058
96878
44890
93119
98785
74953
58876
28709
20622
20726
92289
56663
54349
45524
68953
18419
70001
40436
33663
69390
66401
74452
182
91909
35541
23572
28650
53033
80023
54122
85785
75423
83451
74140
76772
51753
48036
55885
8125
28658
35897
99023
6869
73937
28380
5799
8146
26826
95687
39812
82825
26866
70573
9104
79913
61606
96696
52980
57578
75213
46303
5843
48686
66500
34940
16866
73212
80209
68752
17200
70383
14117
32312
5006
33494
67378
67583
26244
63530
29743
15426
1824
57346
40211
71296
58920
4851
74347
94226
15166
55056
95055
98306
32911
82354
30054
50338
40368
38998
11515
32586
27937
58074
78487
69429
68708
94553
65567
75610
12536
94022
70453
89450
27836
59787
44480
48497
8475
95204
76020
12015
98864
85982
53586
62144
75327
15810
99401
22652
3441
17041
27216
87246
52016
97156
87489
43750
78858
70781
2588
64366
39283
98737
81691
21144
84602
5606
70471
73123
37874
81556
41863
45164
62977
99499
33722
41954
4489
16344
94102
52899
95152
42916
72169
95495
66806
83207
37435
30679
72298
731
69638
37693
92616
11654
72732
127
4292
32442
77541
69722
45338
26278
84778
21884
75177
82052
24269
52516
63434
45535
39261
62515
76679
49689
69213
96367
26569
86196
54337
1396
68171
39792
826
37144
11918
4170
52548
51323
26768
33596
37663
72046
38802
24381
7561
68875
58138
50286
20318
84754
58938
84918
67245
26763
61469
7124
61014
42928
42441
76365
73558
18095
78105
76145
1551
5547
25453
47634
9966
71008
29505
72946
25749
29839
7872
67215
23714
52299
42128
339
38230
76282
65878
69582
42458
83252
72547
74062
75674
4795
43156
9620
8883
50403
60038
19568
93941
62656
22830
2015
43423
10504
40320
49310
55250
85992
59170
37406
18891
94253
83409
8715
800
42102
38136
97275
52217
8523
33688
18299
32999
51390
71959
5171
27853
19885
64063
75346
69801
88304
73274
61057
29470
40114
56916
27726
35962
16569
14333
56466
24082
35142
55172
81421
21385
34441
8821
66780
12267
62762
67351
85418
28969
4531
69015
92032
38544
35150
21458
35366
21929
83824
67605
30587
20980
22353
79245
60686
85186
10410
61313
35648
94189
77222
94217
97857
96218
90538
83785
93411
11064
97283
63079
7039
20953
87855
32089
24940
71098
64883
89182
813
95111
78966
34537
40258
67536
24585
60442
99032
55196
48135
81593
1858
1449
31704
91229
51747
10314
71158
95814
48005
51364
28046
24302
24646
20746
60566
9635
33124
90264
54306
89587
20304
21228
60500
40537
15223
42685
53959
30321
71634
30097
84753
38215
62929
15690
61221
5590
89249
96626
80341
14626
99940
69069
41177
49449
67065
54665
9892
19512
6970
14951
27318
8768
891
58547
61290
80630
40948
91166
76006
9062
56354
40837
24180
17908
66610
89830
61373
8956
59524
54977
20385
36497
9923
39680
89647
51234
80050
11052
73471
60558
32794
34448
23352
56684
2780
75985
37325
4382
54400
80591
64641
98082
20621
71280
58272
59103
44889
23269
82838
77234
93291
936
59988
51993
94565
90820
98845
61211
68900
10056
580
29897
17695
15448
76267
21907
17485
67496
15129
90624
52506
56991
54556
78933
90335
22303
15877
38643
81408
30544
6346
56782
28213
96237
67267
31859
74459
71359
62118
11959
77140
76114
35482
44344
80011
34745
80387
5174
95012
36365
41618
77392
8140
92214
24728
36301
46379
81055
61657
72262
74944
60203
79802
38356
3711
43798
1685
21458
48181
44409
47447
46126
5379
3171
13485
76392
21509
10213
98921
55591
41915
10704
43630
45043
88925
28953
48642
35999
71509
30966
85479
93404
9702
89856
37014
16938
96311
97126
40633
36214
33061
58930
56992
50603
88918
95492
72014
4969
78729
48336
14792
36166
82133
6066
30348
64241
16573
34760
49430
74758
95155
65685
49949
17215
58929
54042
36424
15522
66157
96546
80080
24383
69579
62707
22531
82985
53711
93026
56125
93433
56938
43673
57269
23173
16175
49313
11271
3637
59508
72773
366
61552
47696
65875
41058
67375
8981
39778
91673
34876
59068
56492
38812
82183
68255
90408
66587
19427
83535
47362
10530
23546
78634
55997
17820
51483
8416
26776
1040
9616
42771
32788
56014
93383
96181
18529
76687
3705
21649
55156
74004
13934
1353
21249
34366
446
4861
75086
54918
25767
82726
91844
20101
12146
62243
76819
82917
91699
48055
89575
58959
82205
38738
82058
92104
26280
479
45428
86001
49726
13722
62882
97777
28379
73358
96596
22193
57385
21632
17374
46622
33330
71858
75273
26890
50927
12687
43868
31141
19362
35611
84987
55649
32074
96196
91798
75195
19295
29145
8086
99967
59432
89085
5192
12045
19845
94067
91722
38788
65647
54626
25532
70068
30682
42953
25630
10348
63465
55168
41178
13593
56611
14288
66639
14116
28734
7233
65703
32183
81559
21401
2898
28241
13546
17407
87189
44244
66666
63228
7045
56859
20965
5081
65493
64735
10080
14920
24968
89121
70566
81451
11731
64126
87966
94492
43357
45145
22446
91076
83310
12612
28364
59539
57228
44246
51728
97291
56522
13276
55763
81385
43681
237
48124
84318
92627
51531
48794
1904
4037
13815
82265
76582
61616
109
9671
38772
40274
19053
74050
42045
21799
75590
79917
94433
28496
61426
47852
21248
13007
12788
58397
11693
33358
89181
37770
11494
16003
3649
1865
91825
96350
20542
87040
69496
30347
51782
97922
57120
34576
12957
57018
37470
39225
13719
59587
68091
20320
53691
55823
31202
3679
27547
88896
91248
55418
70572
43225
72435
62338
98177
22769
36626
17188
82224
45694
1257
88550
10422
64087
76713
63503
90732
86671
51
55770
20928
72467
19639
29594
69679
91174
62312
47825
70663
88147
68804
31646
95791
14079
59774
8557
25487
94781
36399
90188
20393
20282
57001
68025
58330
79541
9898
89603
79109
67698
12947
40875
88846
35479
34490
98105
23587
42842
92658
7003
60457
88800
46525
94076
76890
69611
92758
96343
4313
68157
38017
95950
50273
9862
35377
647
15466
51614
71264
90138
81276
72708
68716
2965
75201
27929
42799
60313
79588
61668
84970
82645
2124
29396
29732
31592
73756
62925
91134
88718
86782
13555
85291
10953
29682
16997
90602
78984
102
33844
82639
71972
71577
2521
25727
87748
20085
43561
18876
48962
26812
32446
16755
42644
83186
55371
93826
20878
80130
3786
26890
52541
60479
82545
3356
67721
87417
57763
73283
58204
37327
63814
60211
45744
79029
12998
11068
99603
3670
41983
11508
30196
44049
42173
61906
54337
96800
42647
27766
74310
23170
69725
98853
96316
6955
30099
11494
89032
99164
58005
331
62321
70277
60671
11636
62997
72234
71011
63615
70188
44303
94223
17208
38148
92277
96694
8492
18306
20639
49019
70921
44771
29998
98972
35035
67601
64961
63895
38790
48930
1505
22036
439
45664
41652
49187
59918
83377
30538
98908
82103
25789
79031
57577
30007
28946
52517
60706
4040
10260
21607
93187
68393
50146
87084
55560
32324
71305
25636
44034
98036
8339
32221
14685
68684
22267
93784
71544
96495
43090
36777
25114
87768
21730
66915
45132
65739
72420
68966
6090
15085
4255
59856
28530
27324
8317
53643
50293
58579
86092
16863
88613
57741
86504
873
73764
93567
64346
88892
7740
35161
80972
64211
60949
73483
96492
5420
46663
83230
41953
89820
59903
2339
19547
28949
93782
48483
3691
87361
60368
68624
43492
12965
10403
26228
48164
67372
1264
20858
93151
51564
1394
83527
61226
70928
34112
40044
98906
55047
30831
2897
6980
67063
16627
96271
56960
86274
38195
57555
7091
25281
89876
76985
28525
39115
91669
68007
53808
34722
25319
29120
4157
25806
90079
90388
88427
76376
41113
48618
94836
53738
49576
48644
56530
57471
61645
76428
96338
14131
69268
61890
29178
43709
13768
67870
61687
24408
55003
22111
79259
66104
86236
64185
29729
1711
98740
81173
76983
26239
7845
80583
45161
89576
62718
53352
75704
41233
20456
71053
77470
15241
71669
39677
65454
63429
99942
60448
12039
22209
28701
64019
21374
19002
69359
28732
67502
85391
18916
54819
58731
80471
99444
70100
6287
88684
16729
39602
80990
60416
92165
20454
3953
83949
44640
64018
94435
46559
98731
66299
1769
38293
69135
54775
97537
43825
59210
26159
20217
33986
85849
90313
22318
65636
12323
96998
15796
1570
33390
76769
46701
60341
79457
51622
30043
8247
60067
37424
74361
5342
34297
20943
86659
52616
53051
20438
11337
44670
72562
62461
29474
90569
19385
47004
74566
1853
98136
38316
71627
47642
48222
92866
13169
21962
19598
41428
58835
17513
24732
89290
83757
21787
51797
14876
99689
64906
3654
69701
12586
91884
85662
71125
29007
70929
47296
56131
40956
32454
77056
28191
10111
21752
65796
26720
57119
41431
7775
64697
33019
11624
61603
93823
19939
83272
78703
7688
38772
4510
47315
9661
98198
28435
25731
79743
61979
77096
63859
42240
74666
63467
472
26382
40457
96541
79180
62006
55990
25077
57756
58258
57132
38956
36683
963
30281
91839
51187
45735
92225
39608
17359
36447
85138
67395
29992
81675
96021
86053
64741
80022
77571
65534
90031
69551
11152
35221
53367
23398
4093
16697
51698
13696
46753
89056
52528
59242
91751
24768
49462
70140
25910
18125
50015
35058
46108
64024
41243
73061
66549
97504
65985
69936
60336
77733
80687
91597
48925
67131
89810
95060
38473
27790
41642
75528
87909
3664
89693
96082
14868
70749
89924
71253
36592
94601
54113
59446
15520
54973
23444
47128
93978
80305
56849
6588
50712
81762
53359
69019
8370
60930
10318
24620
34957
54402
31668
98119
76483
74486
47149
42445
74330
45161
58194
95799
7581
94732
33344
65734
23620
21241
76078
93951
43688
42683
1083
58167
70941
35054
24817
6148
50304
20674
87712
53937
60432
65304
36296
82190
62934
55994
82963
41033
7825
80999
72797
48817
22112
61049
99007
55980
48418
87624
45400
87128
84852
16366
80932
92274
53319
73500
27179
41429
49670
41001
92140
53656
57448
4258
35367
42277
58436
51154
2801
67626
38277
35046
86127
62689
69885
52265
36055
9892
36047
68837
57730
62679
75274
584
69085
44066
84372
44022
28871
89433
28815
41535
91362
66824
88858
19142
91369
17855
25683
56731
97543
97263
84824
77773
48852
49806
30239
18243
22389
1055
37445
17287
5382
80833
83270
29461
78381
56864
35173
91300
57904
14415
22284
13367
38811
96742
43683
19304
73830
50744
60896
18201
84209
79315
71293
60466
77855
97501
51732
19279
13828
66129
21633
27817
51988
11529
36154
10530
83553
59398
40760
34505
82682
34382
98826
83129
74980
71457
38962
52110
6123
10936
44412
71645
40159
19245
33078
26066
9541
22804
51605
80880
5132
15894
77473
91775
92781
94466
61379
27283
60589
33154
35750
14433
9985
26391
35519
49828
80489
88163
85486
6399
58540
99622
13156
2893
21717
49988
87658
32744
78451
10088
990
60749
7793
59880
29373
66788
56909
7052
90348
80513
10079
11679
91520
72969
75185
29980
61661
13768
83725
83249
45577
21377
37318
45207
22340
5509
2739
74580
70058
42793
6809
28636
48832
50501
32164
75000
6640
50104
97017
68731
92919
73438
97815
4973
96320
46861
8102
40186
27707
91736
88327
73890
49018
95201
64510
79613
23432
62585
37540
23864
64049
82328
36993
47555
73704
81443
62847
41020
40805
186
23341
11557
16750
14995
90330
72139
23561
32345
48887
75479
97407
62552
46874
78322
54466
32919
79617
53630
85991
52551
51568
44054
12565
73153
4682
10592
36446
50261
31269
14878
84014
67082
99381
27522
68396
76771
57140
34024
4872
92371
56052
91087
13699
62061
26457
1498
35454
58670
93088
40786
1826
9217
55028
88253
48617
79286
98992
43597
10313
79738
35694
73300
1076
34010
91465
30325
63171
19353
9926
77695
75778
45594
48759
93620
96499
60481
30356
50504
46696
3185
75137
77775
57172
90483
13052
74797
12055
11128
78904
89110
77779
13544
23711
25133
56677
82751
90011
79688
70595
96132
38327
16102
48745
15394
65007
56232
60457
61408
91753
88136
48930
48489
96900
7129
4602
57919
16129
10593
20959
16668
18271
52043
40448
20815
99916
62234
21883
23627
36943
13748
70469
50668
79908
50564
64857
59035
29030
41779
25476
56819
14340
50646
19374
90767
40181
29290
16644
16583
20531
98758
66623
79419
58730
53928
77862
86283
75653
27930
15478
2773
34350
36831
24465
78006
17668
98261
68580
46336
42271
45566
28889
74349
85117
64139
2328
67624
32669
49681
80634
70626
45591
5301
3096
38185
47125
91049
91938
25980
72702
78574
83382
1101
26302
22703
22470
77509
26182
41368
73100
41919
60710
70307
74311
74965
69869
92273
94302
94590
51600
10238
53614
25973
47295
44851
57182
29049
33736
86280
30881
26618
6324
42601
73634
63697
62184
27789
48048
62414
41669
24819
41443
91301
76580
38716
9917
75283
30990
28130
68315
54851
96747
97347
74379
62464
24960
57409
53805
81450
65521
93420
43773
39901
10487
46482
35596
18110
96672
10614
12782
42081
44225
31888
52921
26782
68795
62313
49392
8580
34935
81898
98059
5607
17965
76030
29871
8976
68221
11171
38738
4775
73983
66598
96893
48249
81046
1542
80814
30099
3121
91807
78611
20376
15349
26235
10626
64859
44427
47598
93669
62646
8017
45226
46515
83622
95360
38167
21936
34457
16612
26620
49888
85501
71876
8007
68097
77627
34995
4673
45736
67253
81498
19294
5459
43128
3288
77684
90257
91730
65404
65011
64548
20623
17502
76091
96757
28758
20084
13271
52888
42879
79606
46358
13488
76500
41919
93109
48500
7342
58137
32999
29865
39755
1862
26417
81148
88723
39767
3388
80334
17677
47909
30205
69052
51600
62071
29265
68000
95785
11250
39339
57544
21724
51784
2857
87646
35141
5807
28959
1210
10179
29185
82916
33594
32406
35147
24794
18761
91085
94943
8034
88991
16696
32937
35212
94970
49401
77306
61887
14429
12654
25109
52715
96091
18798
75454
8141
87970
99005
38770
46007
82917
10809
2178
70156
88492
64992
96611
36646
16454
37278
10504
76915
842
3216
50348
40848
88787
16573
7887
38246
57835
43919
14530
88555
85070
76470
86824
14796
56951
27007
36824
19756
52315
48936
25117
78183
14518
62781
46719
29978
52789
40660
45434
77151
2150
48194
51873
92876
68450
34607
19354
71397
91119
524
88172
38998
96278
13623
85086
12023
78168
81816
79694
89447
454
90748
24600
51906
78098
72165
26330
26007
69853
77908
85456
17175
98485
37379
86406
36876
24598
93948
46345
22345
7653
65426
28637
51792
60764
86119
81904
896
77695
34697
51810
70972
60965
55986
76698
11402
23594
99966
14778
96285
8278
93346
1544
13211
15068
70997
40512
58900
27216
48210
87425
84220
35471
57350
81794
35027
62111
72808
91142
91979
90260
25434
48312
35157
26098
14484
56210
42500
60681
75005
13283
24631
79170
50060
14067
14307
63882
15426
36724
89767
45607
23005
73680
29485
47272
67590
35502
3616
74192
41671
49290
50786
8825
22799
6025
82843
45035
66387
87113
584
14788
98012
98219
52211
34928
62794
5050
85411
43283
67488
71144
46686
36084
1376
46372
67255
51754
18827
87884
58507
78982
52594
68307
19010
25716
62496
15806
56371
44035
31224
69271
97495
28313
36141
74979
47595
24786
21470
94557
84477
62540
50090
60332
6705
70526
2604
14702
7450
76426
38770
31090
26209
78502
28606
21601
62193
29705
79209
26496
72431
46989
48679
41376
12060
98216
73649
18374
99942
26396
98777
42470
30284
24269
3408
95967
28892
92262
61603
48484
23112
47795
8356
79945
5266
134
43063
18994
99706
14541
12787
17890
45576
94973
22127
37489
13862
8714
48273
8489
96877
84230
14760
81054
77649
96300
806
1940
75095
32639
92708
69931
68102
30725
3384
24637
38633
68734
36111
11926
55153
54656
18667
85402
13609
80887
96893
35310
2143
65918
82105
20179
43989
53115
51607
38881
33035
27302
2296
8966
99327
41124
43898
67068
21832
42856
49787
14852
91590
97490
98856
45128
72603
36347
53335
42221
65563
29357
67446
96761
99406
65495
99797
9177
50533
72530
25942
14988
79118
64503
91601
11331
66438
27146
12599
14030
10758
51599
63570
70752
31100
82042
43720
4652
67062
36978
47575
7643
99779
9386
73317
3679
59856
5535
9559
33832
41327
34722
16535
49302
16915
34800
35733
27088
5890
87525
78690
45458
23749
39306
31464
13965
65786
96693
65661
17365
21775
95145
42114
13556
24955
18300
15208
69732
91185
87923
51475
60903
17587
78766
72703
76035
35064
14269
53838
96300
46309
16633
98762
79537
58288
2118
83893
60474
77921
59353
37892
63162
39874
92194
12057
46181
92608
2980
24347
98614
19593
66001
35902
17967
36050
17787
27871
44982
66603
55429
78900
51518
42855
69361
71055
5143
96383
62576
55267
22838
34406
54733
91810
31832
50032
88312
21030
25393
66709
26522
83427
32085
89922
55223
76708
80308
80730
80796
43487
40502
74247
38911
93871
22493
80453
86373
20308
70512
21139
6915
49798
30032
47712
1509
64209
64859
74190
4071
67935
47738
96756
2479
78273
40081
72001
46816
61596
87632
92653
90747
24412
15587
19089
14766
48591
95494
60862
69318
51379
63658
68005
50517
4255
59794
76724
53396
84372
88413
91014
11849
6118
76660
12862
95749
43745
71769
60638
53791
50492
33638
24778
32675
77859
30391
82503
34211
10943
32947
52918
68714
3998
4873
52692
4277
79732
46239
98223
18479
63357
18606
62444
73182
96617
80804
84629
47751
2726
23340
71021
76822
34857
7072
18826
17742
38880
35330
72658
73863
77291
42513
42453
51425
35495
22301
7852
1246
23969
8585
16017
97506
73545
42160
90433
31886
71194
51595
36057
97055
45761
34753
31485
87603
61926
76096
33858
96925
86046
34951
65396
44403
73581
24361
41188
20844
76152
11019
37688
74317
72952
83384
23783
94140
7323
73514
3278
92697
16638
86940
46547
87285
99272
75602
28102
42539
11028
54850
89499
59399
88442
10926
15200
89017
43188
71614
23925
49184
972
69589
55734
60175
13908
61740
24104
62377
10970
37345
80281
88411
72819
41161
80288
99106
88403
78111
45130
97978
96258
98649
9817
21303
21519
78289
85874
62026
68184
34765
50952
35708
49590
54093
91725
47048
31206
86372
73377
37533
51499
65724
31569
73683
74569
1089
86579
47282
30638
16094
615
65077
26485
25947
52925
2323
59773
34432
38657
35619
75865
62077
94192
76205
86392
44573
38822
18727
49435
33240
67900
2032
4734
7597
46479
30535
67080
36133
46734
20430
91709
38593
31388
52091
34151
85875
9223
23643
1168
89402
87275
96774
47715
37759
61668
89422
71531
55364
87291
29996
62267
67853
97846
97398
48193
98583
60343
18889
79467
22391
35242
23640
87698
18227
43909
37273
30689
42102
42054
517
35350
15179
17559
60032
45965
71125
54316
66974
45929
57057
59003
11717
48842
16738
58163
23857
40746
33990
3898
35567
25532
90334
44176
78776
54161
63635
9077
29488
93850
24396
58733
29430
13310
86775
94645
47089
50294
37814
51433
77068
44267
93368
72959
22410
63388
23526
74798
70960
60064
20053
96527
96698
38204
6487
74984
45015
71002
38782
5872
82330
62048
24828
73124
21534
98324
29573
98406
62066
22092
11074
73562
2932
82557
26830
91300
32164
17375
21767
15389
30635
88836
38117
69424
73797
27869
62034
91226
6823
11791
49630
76086
11512
31943
69103
15020
19439
20244
51426
24085
33816
25120
12732
48868
48990
46490
93595
14142
11375
15187
42821
27640
49236
23394
75237
93493
23932
55404
99327
93664
36291
38346
91583
50276
72461
34988
62050
70989
13454
11810
71861
11920
65949
97681
81573
5515
76104
89248
20434
27307
34273
47892
79852
91636
68970
21990
26851
88118
56705
75610
91088
64035
20917
57761
87794
95469
33536
62456
76406
14003
84440
22607
689
99564
43325
30901
61691
51555
41821
69722
17390
34684
34970
72020
59392
88398
58494
99947
81306
50472
8137
73932
14284
37844
20722
7827
91002
8188
9887
86104
71979
13648
12842
6432
42867
11666
47203
80287
48311
38069
60299
75295
46297
86982
58220
56404
29065
48897
98369
99396
36975
33589
81150
25935
5866
10508
8323
62845
78843
35498
39899
53504
41669
55717
97743
3742
21842
28539
29153
47726
41195
78206
51636
43237
90172
32842
27636
27302
79623
64317
78762
42106
9818
10490
49129
38391
32498
86906
566
32360
3344
84358
1445
12813
98170
6795
33627
90580
89239
54479
34563
527
19744
50643
58201
58769
81952
37913
35762
73024
82872
81021
83221
14526
56736
97793
43687
31179
6589
59353
71244
34936
27973
96793
44383
56837
76762
38823
45067
83378
99214
37055
38063
25145
29755
78235
22362
59174
52289
90360
56438
94584
51144
27542
49487
22323
1137
86918
56077
378
63108
2449
83992
29886
83234
99626
72554
22950
6261
1365
82007
43129
92846
52384
73810
45817
42958
58077
84771
78500
75431
84512
78889
16229
2916
76660
83791
432
47307
22060
55700
89843
82746
44690
20271
96766
53063
8177
41910
30128
5682
99412
52913
50925
8353
13309
1738
98760
53732
3671
79364
43060
2147
77576
24946
78595
23559
67764
26971
6575
15836
72123
75643
84201
45664
92163
60383
48156
32113
77043
92753
34782
16167
54644
72819
76018
31599
27965
7876
89606
74922
85030
46700
43636
42696
12641
87696
5170
19744
41676
73207
85299
81205
35336
14293
33559
23769
68712
5261
16190
52926
53582
66648
76688
10917
44583
26893
47503
4758
48927
46996
95593
59888
37365
31653
30805
25424
32007
41506
33023
4468
55213
28413
90437
3836
7455
53576
80830
40351
39260
52250
62887
22704
91686
36681
21340
18383
70011
32720
98112
85747
40193
413
70816
94679
77614
25411
43841
3683
83487
8136
91761
27207
72237
11722
97712
25169
76211
72852
3463
91007
46062
7153
65497
96677
84109
72889
68202
684
10313
12422
55412
99287
43393
47276
64274
54801
57596
95757
26222
82043
9735
77148
56863
31125
60488
35680
50467
79964
38969
96171
42172
97159
29258
7106
39685
33041
34915
74139
10571
4725
57209
43158
93370
71066
52724
92474
83813
24962
47448
42912
67573
80453
46630
21419
81272
68914
50289
34373
36190
48429
22423
88237
61715
14142
70249
58252
70030
36288
7591
31234
19886
83457
85186
21498
24835
66577
83777
85797
78400
68013
51867
25505
32517
96057
28598
61718
50530
7839
25833
70770
82752
542
37949
62142
82301
68971
81442
79229
817
94471
22444
47526
17372
16215
23026
84116
95266
25133
96584
14696
85137
64491
55972
68176
96562
96918
55721
65658
85543
8531
7723
62191
10455
36820
48481
19345
45508
23045
39196
55863
85134
4549
84981
83929
45569
4341
8134
16303
73031
44482
66452
25398
11255
11137
85633
18262
44569
69773
65580
85383
13250
15785
93685
92285
86749
60253
37071
80551
67733
3682
38608
72222
85936
40721
29562
80588
79510
72043
22607
92221
88784
39418
92626
41062
42079
82325
50937
99318
51186
30220
74775
75735
57465
53812
42613
69349
10864
92695
97179
85316
67269
27582
48569
69350
5874
94229
39461
70533
81574
5045
38751
72525
47166
73358
96599
73832
23158
52623
50206
4425
9317
37753
29365
37513
28907
62873
14758
32125
98107
60212
69725
86814
74864
37290
24953
61203
90848
23277
35188
47850
42864
80403
17744
46141
91468
2250
28569
84106
57213
68781
46192
58240
42489
92754
76000
29516
98216
11057
40444
43001
79472
7336
72426
21363
35320
51936
97661
9876
48406
35397
82983
99881
17436
2357
61560
28913
20010
83223
46045
26657
34304
30651
74912
29327
14021
11485
44325
82109
61290
95436
62986
79792
82832
92186
68377
35528
7978
96381
10822
39532
4588
18693
35701
21817
85798
46310
40805
40133
31195
47088
9507
14993
65011
13787
8698
48822
32424
43100
7342
23835
7612
15552
48586
52970
72410
3191
17050
25249
33979
26033
20935
23629
72402
6513
22069
15611
94949
53095
43528
67711
70679
4193
50915
14202
85930
47993
14781
69045
83489
19556
3104
64878
89039
86986
31921
89036
70106
82731
49406
82608
29261
15557
6154
5163
26153
85877
42591
58499
91717
93086
53872
79329
99571
39631
53156
3419
64636
34384
67039
24418
88409
48004
41760
14424
22929
56057
34589
85415
74591
33033
45504
12218
3690
60919
38451
55123
98038
45753
88049
53
5403
56282
77327
90402
65683
23775
65306
49409
33831
28503
24400
35723
15692
24988
94199
81256
73796
91730
82233
70095
51288
57175
83908
58685
47582
41655
75639
38653
1180
98032
5381
18884
46335
66987
19016
32128
70676
51357
48741
99153
90750
85180
51585
46089
8633
9782
96526
78701
66720
57194
81326
6309
63519
17954
48764
48227
72373
18643
42820
24029
48136
26654
48229
35799
23122
5517
89387
48705
5973
62072
10580
22439
42990
83080
79345
66108
5590
37820
50052
37801
45128
96938
71932
43986
16706
99072
55364
28381
18224
70788
59754
52034
8538
24713
51018
64096
36952
15787
22967
3117
20394
47822
72728
4649
46615
58888
63318
80439
38609
82656
42637
34554
68590
5020
78900
51197
54722
4244
19093
24050
50152
61007
30481
35185
2318
58546
13902
18278
32062
15249
29156
89803
14853
46935
17407
97306
24210
67284
97370
57818
35754
74924
89771
35567
28151
25201
83444
3519
45812
99820
9375
32708
96693
98917
52965
59387
17341
37544
2331
88069
44986
45041
48377
23360
53500
52834
19701
21655
87613
81594
26988
87437
6873
61275
88295
75227
71235
94913
7034
77117
75101
10384
72465
32242
5874
96447
93110
15936
93970
58019
79966
86665
64954
9302
12832
90712
26548
66411
82067
75317
5500
61789
15905
64218
72832
21938
25836
35418
10622
77737
88151
22427
30511
25214
12968
34603
72576
16136
17487
57052
59723
3766
27685
29594
1628
40323
22484
97570
48444
97583
48680
4825
12847
31716
71617
13313
94478
8248
59409
83936
70612
57692
5315
16233
69868
57539
56154
39740
96334
78228
18137
10412
48925
25016
15595
1735
34105
86311
62590
32510
99453
28266
86974
13039
29058
83327
9581
98794
53596
99654
40125
64329
56727
33550
86440
2031
98451
11452
59725
44089
84168
82743
1236
70215
79446
38268
55899
87830
16122
69882
79208
8167
45657
26900
84482
42346
70718
92276
87175
86541
47959
57360
86144
96679
38104
53808
53685
15376
38576
13564
3284
22653
26586
18502
48341
16711
27030
16760
33592
90789
27429
21750
82673
83713
20447
31958
18672
29827
49067
44094
31313
6175
24276
73184
96130
26809
96599
4556
32112
25639
84583
40523
49255
2559
66599
56555
81580
27156
78558
67772
15317
53959
58684
96386
59113
26210
74686
2431
76233
6146
35137
23858
66309
94482
82250
97108
98377
53402
22371
21533
20111
22474
84648
7954
6207
86905
72494
80115
17115
63891
50377
91516
51269
81294
28777
77354
47491
27889
14072
69921
52122
94168
28323
25966
90502
60725
74214
54773
20308
69490
58178
28179
4785
57026
47661
92842
69311
50731
90180
72207
53715
94571
85316
12343
55768
43621
72589
85014
65705
4897
49618
70488
39330
52450
69410
25942
94151
58682
17452
45481
12691
17721
59808
47624
5713
22199
86731
94242
33634
35934
8044
96759
37709
41864
16206
57550
8853
15980
70197
46882
88135
89200
89067
15411
19873
87690
88849
52334
87615
21719
98691
10629
33280
44699
59517
35994
34764
37692
6630
33570
56889
78347
51381
29772
96853
52859
32779
97466
36245
11860
17090
78172
88484
70570
57346
23491
28653
44397
27751
18023
33350
34397
6627
11915
37243
97414
63479
93010
82347
80211
22787
71161
9350
36628
89992
9789
37820
59296
18557
67014
54911
91383
16090
75755
4630
20520
22144
62710
87353
36027
7341
90366
9941
88607
221
22492
71720
39466
92528
99439
89379
39769
15119
56033
89073
45929
68822
51857
80577
47558
85670
69356
25841
60737
63112
41966
18308
30871
7286
16723
75270
770
5658
46321
72871
32420
61220
20743
36407
67500
38068
98353
66768
19118
77635
15142
76264
60056
86682
58701
51697
70287
82132
39795
50356
37984
64526
49204
25496
58254
4185
40849
32181
75806
24169
88609
34112
68798
83162
56654
84708
48080
15450
13077
9490
87317
2589
6723
83102
47970
65702
58252
44189
48584
65025
4984
18637
65862
95965
34887
67893
12017
95247
78153
63316
97219
66173
90961
94949
89025
81030
7466
76893
30028
73992
3618
54837
69055
30306
63038
35395
57804
66102
77526
92551
45932
96659
83597
10781
19185
69972
68250
72833
48276
88760
72692
52832
37297
49761
12271
21145
11628
11773
94076
66939
58236
81358
14161
74591
61408
50146
49581
35557
32927
99491
10090
45914
17722
85601
17384
560
82575
80181
75764
19053
12781
34633
28618
41268
1301
50785
17541
19295
18035
41894
23768
46031
72025
10587
34316
64574
82498
9006
49372
69038
20391
32694
39906
48784
78670
26778
35111
51696
32377
11711
38569
31446
36008
75023
54158
23603
52741
72893
73291
10623
32606
30287
17522
91033
75723
64059
73889
7135
51285
52810
18061
73570
30809
6727
98661
80087
94726
79833
62598
74522
15674
65845
86917
6325
3326
92322
10023
97001
56428
10713
11834
9606
35714
38750
36432
90104
15172
48873
73061
14611
52889
27977
411
79567
93649
64998
637
29282
76361
74071
28877
72907
10295
98769
94948
66761
43370
11197
87708
83401
54037
76887
50706
40573
40976
8456
37856
92059
70294
8558
64915
45854
6773
47987
21634
87697
65434
7350
12675
38327
91685
80740
20641
82357
81836
38926
99310
36945
43801
69671
46735
3976
61165
89659
60574
76001
77270
59837
38591
85194
27142
8578
58988
67804
9156
83022
66135
62308
77135
7252
1327
36020
98522
49381
91716
73296
56247
68349
58737
2051
9145
912
48258
624
61823
60940
84688
17114
87413
45632
10428
5598
68758
27480
11185
83108
21753
52837
73201
98813
72791
37003
59809
36550
68344
10715
5453
11784
97943
87277
19755
8921
1101
36541
76049
26231
60319
58364
5981
48216
98334
49022
74894
31504
96823
95729
67261
71042
38197
8609
51544
3411
95147
59923
29259
72142
41102
11709
32279
51108
55487
72904
19171
136
25877
1507
4497
32218
51431
84954
22789
63388
46856
24986
480
23770
62108
28306
39726
72615
43454
34411
73587
89334
35734
16345
13773
41177
7283
3908
85128
48610
26086
54872
92728
25430
29852
74758
5627
95317
91232
35044
19612
53242
85819
88155
56554
70162
59444
5490
10035
12797
71982
59664
7654
21077
99317
29836
64402
9533
87733
63319
24936
47524
99825
74178
37303
91983
32258
75050
93917
87349
22679
44409
81382
8411
14800
20345
3516
47578
59790
43611
81733
1793
93872
72331
76628
66421
47219
71651
26113
17
10357
96094
7584
27913
10108
72087
53417
11641
50853
64570
37904
84394
11572
22685
90118
27574
78282
99243
6278
78972
26320
16825
49742
44122
81586
23143
53651
27494
97550
70881
44765
60606
48937
93901
76993
26585
36826
53469
98302
42712
66928
91874
96725
95219
5708
97339
90220
71188
82213
49054
88139
47975
65374
47141
73696
93531
46352
63461
46327
86965
18437
25923
14091
79971
19806
77297
35457
17670
45692
63533
90748
